0000, ,<,0001
0001,0, ,0021  
0001,1, ,0022  
0001,2, ,0023  
0021, ,<,0031  
0022, ,<,0032  
0023, ,<,0033  
0031,0, ,0411  
0031,1, ,0412  
0031,2, ,0413  
0032,0, ,0421  
0032,1, ,0422  
0032,2, ,0423  
0032, , ,0421  
0033,0, ,0431  
0033,1, ,0432  
0033,2, ,0433  
0033, , ,0431  
0411, ,0,0511            
0412, ,3,0512  
0413, ,6,0513  
0421, ,1,0521  
0422, ,4,0522 
0423, ,7,0523  
0431, ,2,0531  
0432, ,5,0532  
0433, ,8,0533 
0511,0,<,0006 
0512,3,<,0006
0513,6,<,0006 
0521,1,<,0006 
0522,4,<,0006 
0523,7,<,0006 
0531,2,<,0006 
0532,5,<,0006 
0533,8,<,0006 
0006, ,<,0001 

