0001,0,<,0001
0001,1,<,0001
0001,2,<,0001
0001, ,>,0029


0029,0,>,0029

0029, ,>,0049
0049, ,0,0059
0059,0,>,0069
0069, , ,0069

0029,1,<,0039
0029,2,<,0039

0039, ,>,0002
0039,0,>,0002




0002,0, ,0031
0002,1, ,0032 // 1
0002,2, ,0033



0031, ,>,0041
0032, ,>,0042 // 2
0033, ,>,0043



0041,0, ,0511
0041,1, ,0512
0041,2, ,0513
0042,0, ,0521
0042,1, ,0522 // 3
0042,2, ,0523
0043,0, ,0531
0043,1, ,0532
0043,2, ,0533



0511, ,>,0611
0512, ,>,0612
0513, ,>,0613
0521, ,>,0621
0522, ,>,0622 // 4
0523, ,>,0623
0531, ,>,0631
0532, ,>,0632
0533, ,>,0633



0611,0,>,0611
0611,1,>,0611 // 5
0611,2,>,0611

0612,0,>,0612
0612,1,>,0612 // 5
0612,2,>,0612

0613,0,>,0613
0613,1,>,0613 // 5
0613,2,>,0613

0621,0,>,0621
0621,1,>,0621 // 5
0621,2,>,0621

0622,0,>,0622
0622,1,>,0622 // 5
0622,2,>,0622

0623,0,>,0623
0623,1,>,0623 // 5
0623,2,>,0623

0631,0,>,0631
0631,1,>,0631 // 5
0631,2,>,0631

0632,0,>,0632
0632,1,>,0632 // 5
0632,2,>,0632

0633,0,>,0633
0633,1,>,0633 // 5
0633,2,>,0633



0611, ,>,0711
0612, ,>,0712
0613, ,>,0713
0621, ,>,0721
0622, ,>,0722 // 6
0623, ,>,0723
0631, ,>,0731
0632, ,>,0732
0633, ,>,0733



0711,0,>,0711
0711,1,>,0711
0711,2,>,0711
0711,3,>,0711
0711,4,>,0711 // 7
0711,5,>,0711
0711,6,>,0711
0711,7,>,0711
0711,8,>,0711

0712,0,>,0712
0712,1,>,0712
0712,2,>,0712
0712,3,>,0712
0712,4,>,0712 // 7
0712,5,>,0712
0712,6,>,0712
0712,7,>,0712
0712,8,>,0712

0713,0,>,0713
0713,1,>,0713
0713,2,>,0713
0713,3,>,0713
0713,4,>,0713 // 7
0713,5,>,0713
0713,6,>,0713
0713,7,>,0713
0713,8,>,0713

0721,0,>,0721
0721,1,>,0721
0721,2,>,0721
0721,3,>,0721
0721,4,>,0721 // 7
0721,5,>,0721
0721,6,>,0721
0721,7,>,0721
0721,8,>,0721

0722,0,>,0722
0722,1,>,0722
0722,2,>,0722
0722,3,>,0722
0722,4,>,0722 // 7
0722,5,>,0722
0722,6,>,0722
0722,7,>,0722
0722,8,>,0722

0723,0,>,0723
0723,1,>,0723
0723,2,>,0723
0723,3,>,0723
0723,4,>,0723 // 7
0723,5,>,0723
0723,6,>,0723
0723,7,>,0723
0723,8,>,0723

0731,0,>,0731
0731,1,>,0731
0731,2,>,0731
0731,3,>,0731
0731,4,>,0731 // 7
0731,5,>,0731
0731,6,>,0731
0731,7,>,0731
0731,8,>,0731

0732,0,>,0732
0732,1,>,0732
0732,2,>,0732
0732,3,>,0732
0732,4,>,0732 // 7
0732,5,>,0732
0732,6,>,0732
0732,7,>,0732
0732,8,>,0732

0733,0,>,0733
0733,1,>,0733
0733,2,>,0733
0733,3,>,0733
0733,4,>,0733 // 7
0733,5,>,0733
0733,6,>,0733
0733,7,>,0733
0733,8,>,0733



0711, ,0,0811
0712, ,1,0812
0713, ,2,0813
0721, ,3,0821
0722, ,4,0822 // 8
0723, ,5,0823
0731, ,6,0831
0732, ,7,0832
0733, ,8,0833



0811,0,<,0811
0811,1,<,0811
0811,2,<,0811
0811,3,<,0811
0811,4,<,0811 // 9 
0811,5,<,0811
0811,6,<,0811
0811,7,<,0811
0811,8,<,0811

0812,0,<,0812
0812,1,<,0812
0812,2,<,0812
0812,3,<,0812
0812,4,<,0812 // 9 
0812,5,<,0812
0812,6,<,0812
0812,7,<,0812
0812,8,<,0812

0813,0,<,0813
0813,1,<,0813
0813,2,<,0813
0813,3,<,0813
0813,4,<,0813 // 9
0813,5,<,0813 
0813,6,<,0813
0813,7,<,0813
0813,8,<,0813

0821,0,<,0821
0821,1,<,0821
0821,2,<,0821
0821,3,<,0821
0821,4,<,0821 // 9
0821,5,<,0821
0821,6,<,0821
0821,7,<,0821
0821,8,<,0821

0822,0,<,0822
0822,1,<,0822
0822,2,<,0822
0822,3,<,0822
0822,4,<,0822 // 9
0822,5,<,0822
0822,6,<,0822
0822,7,<,0822
0822,8,<,0822

0823,0,<,0823
0823,1,<,0823
0823,2,<,0823
0823,3,<,0823
0823,4,<,0823 // 9
0823,5,<,0823
0823,6,<,0823
0823,7,<,0823
0823,8,<,0823

0831,0,<,0831
0831,1,<,0831
0831,2,<,0831
0831,3,<,0831
0831,4,<,0831 // 9
0831,5,<,0831
0831,6,<,0831
0831,7,<,0831
0831,8,<,0831

0832,0,<,0832
0832,1,<,0832
0832,2,<,0832
0832,3,<,0832
0832,4,<,0832 // 9
0832,5,<,0832
0832,6,<,0832
0832,7,<,0832
0832,8,<,0832

0833,0,<,0833
0833,1,<,0833
0833,2,<,0833
0833,3,<,0833
0833,4,<,0833 // 9
0833,5,<,0833
0833,6,<,0833
0833,7,<,0833
0833,8,<,0833



0811, ,<,0911
0812, ,<,0912
0813, ,<,0913
0821, ,<,0921
0822, ,<,0922 // 10
0823, ,<,0923
0831, ,<,0931
0832, ,<,0932
0833, ,<,0933



0911,0,<,0911
0911,1,<,0911 // 11
0911,2,<,0911

0912,0,<,0912
0912,1,<,0912 // 11
0912,2,<,0912

0913,0,<,0913
0913,1,<,0913 // 11
0913,2,<,0913

0921,0,<,0921
0921,1,<,0921 // 11
0921,2,<,0921

0922,0,<,0922
0922,1,<,0922 // 11
0922,2,<,0922

0923,0,<,0923
0923,1,<,0923 // 11
0923,2,<,0923

0931,0,<,0931
0931,1,<,0931 // 11
0931,2,<,0931

0932,0,<,0932
0932,1,<,0932 // 11
0932,2,<,0932

0933,0,<,0933
0933,1,<,0933 // 11
0933,2,<,0933



0911, ,<,1011
0912, ,<,1012
0913, ,<,1013
0921, ,<,1021
0922, ,<,1022 // 12
0923, ,<,1023
0931, ,<,1031
0932, ,<,1032
0933, ,<,1033



1011, ,0,1111
1012, ,0,1112 // 13
1013, ,0,1113

1021, ,1,1121
1022, ,1,1122 // 13
1023, ,1,1123

1031, ,2,1131
1032, ,2,1132 // 13
1033, ,2,1133



1111,0,>,1211
1112,0,>,1212 // 14
1113,0,>,1213

1121,1,>,1221
1122,1,>,1222 // 14
1123,1,>,1223

1131,2,>,1231
1132,2,>,1232 // 14
1133,2,>,1233



1211, ,0,1311
1212, ,1,1312 // 15
1213, ,2,1313

1221, ,0,1321
1222, ,1,1322 // 15
1223, ,2,1323

1231, ,0,1331
1232, ,1,1332 // 15
1233, ,2,1333



1311,0,>,0002
1312,1,>,0002
1313,2,>,0002
1321,0,>,0002
1322,1,>,0002 // 16, цикл замкнут 
1323,2,>,0002
1331,0,>,0002
1332,1,>,0002
1333,2,>,0002



0002, ,>,1400



1400,0,>,1400
1400,1,>,1400
1400,2,>,1400
1400,3,>,1400
1400,4,>,1400
1400,5,>,1400
1400,6,>,1400
1400,7,>,1400
1400,8,>,1400



1400, , ,1400
